
=======Results===========
Training set tests:
loss :  0.02223
acc :  0.125
Test set tests:
loss :  0.01988
acc :  0.125


             precision    recall  f1-score   support

        277       0.50      1.00      0.67         1
        284       1.00      1.00      1.00         2
        287       1.00      1.00      1.00         1
        292       0.00      0.00      0.00         1
        304       1.00      1.00      1.00         1
        312       0.00      0.00      0.00         1
        313       1.00      0.50      0.67         4
        320       0.75      1.00      0.86         3
        331       0.50      1.00      0.67         1
        332       1.00      1.00      1.00         2
        336       0.00      0.00      0.00         1
        343       1.00      1.00      1.00         6
        347       0.67      0.67      0.67         3
        348       1.00      1.00      1.00         1
        349       1.00      0.50      0.67         2

avg / total       0.81      0.77      0.76        30

