 =======Results===========
Training set tests:
loss :  0.01536
acc :  0.58752
Test set tests:
loss :  0.01674
acc :  0.5887

             precision    recall  f1-score   support

        277       1.00      1.00      1.00         6
        278       0.00      0.00      0.00         1
        279       0.00      0.00      0.00         1
        283       0.00      0.00      0.00         1
        284       1.00      1.00      1.00         5
        285       0.25      0.33      0.29         3
        287       1.00      1.00      1.00         5
        289       1.00      1.00      1.00         5
        292       1.00      1.00      1.00         2
        293       1.00      1.00      1.00         5
        294       0.67      1.00      0.80         2
        299       0.00      0.00      0.00         3
        304       1.00      1.00      1.00         4
        305       1.00      1.00      1.00         1
        306       1.00      1.00      1.00         3
        310       0.00      0.00      0.00         1
        312       1.00      1.00      1.00         6
        313       1.00      1.00      1.00        13
        317       1.00      1.00      1.00         1
        318       1.00      0.50      0.67         4
        319       0.50      1.00      0.67         2
        320       1.00      1.00      1.00         5
        324       1.00      1.00      1.00         5
        325       0.20      1.00      0.33         1
        326       1.00      1.00      1.00         2
        330       1.00      1.00      1.00         4
        331       1.00      1.00      1.00         6
        332       1.00      1.00      1.00        16
        333       0.00      0.00      0.00         1
        334       1.00      1.00      1.00         1
        335       1.00      1.00      1.00         2
        336       0.75      1.00      0.86         3
        343       1.00      1.00      1.00        10
        346       0.25      1.00      0.40         1
        347       1.00      1.00      1.00        13
        348       1.00      1.00      1.00         3
        349       1.00      1.00      1.00         4
        350       1.00      1.00      1.00         1
        351       1.00      1.00      1.00         1
        354       1.00      0.50      0.67         2
        357       1.00      1.00      1.00         9
        358       0.50      1.00      0.67         1
        361       1.00      1.00      1.00         1
        362       0.00      0.00      0.00         4
        365       1.00      1.00      1.00         1

avg / total       0.89      0.90      0.89       171

