 =======Results===========
Training set tests:
loss :  0.02223
acc :  0.125
Test set tests:
loss :  0.01988
acc :  0.125


             precision    recall  f1-score   support

        277       0.00      0.00      0.00         6
        278       0.00      0.00      0.00         1
        279       0.00      0.00      0.00         1
        283       0.00      0.00      0.00         1
        284       0.00      0.00      0.00         5
        285       0.00      0.00      0.00         3
        287       0.00      0.00      0.00         5
        289       0.00      0.00      0.00         5
        292       0.00      0.00      0.00         2
        293       0.00      0.00      0.00         5
        294       0.00      0.00      0.00         2
        299       0.00      0.00      0.00         3
        304       0.00      0.00      0.00         4
        305       0.00      0.00      0.00         1
        306       0.00      0.00      0.00         3
        310       0.00      0.00      0.00         1
        312       0.00      0.00      0.00         6
        313       0.08      1.00      0.16        13
        317       0.00      0.00      0.00         1
        318       0.00      0.00      0.00         4
        319       0.00      0.00      0.00         2
        320       0.00      0.00      0.00         5
        324       0.00      0.00      0.00         5
        325       0.00      0.00      0.00         1
        326       0.00      0.00      0.00         2
        330       0.00      0.00      0.00         4
        331       0.00      0.00      0.00         6
        332       0.00      0.00      0.00        16
        333       0.00      0.00      0.00         1
        334       0.00      0.00      0.00         1
        335       0.00      0.00      0.00         2
        336       0.00      0.00      0.00         3
        343       0.00      0.00      0.00        10
        346       0.00      0.00      0.00         1
        347       0.00      0.00      0.00        13
        348       0.00      0.00      0.00         3
        349       0.00      0.00      0.00         4
        350       0.00      0.00      0.00         1
        351       0.00      0.00      0.00         1
        354       0.00      0.00      0.00         2
        357       0.00      0.00      0.00         9
        358       0.00      0.00      0.00         1
        361       0.00      0.00      0.00         1
        362       0.00      0.00      0.00         4
        365       0.00      0.00      0.00         1

avg / total       0.01      0.08      0.01       171

